UCB_1.5_ppv_y1_d1_g0: 0.9651297306230375
UCB_1.5_ppv_y1_d1_g1: 0.928910932010746
UCB_1.5_ratio_ppv: 0.9624726112323672
UCB_1.5_FPR_y0_d1_g0: 0.8101142718210552
UCB_1.5_FPR_y0_d1_g1: 0.657194316589954
UCB_1.5_ratio_fpr: 0.8112365618650902
UCB_1.5_FNR_y1_d0_g0: 0.034870269376962484
UCB_1.5_FNR_y1_d0_g1: 0.07108906798925398
UCB_1.5_ratio_fnr: 2.038672750725004
UCB_3_ppv_y1_d1_g0: 0.9403404395967608
UCB_3_ppv_y1_d1_g1: 0.859475098160777
UCB_3_ratio_ppv: 0.9140041861108721
UCB_3_FPR_y0_d1_g0: 0.7716994894237783
UCB_3_FPR_y0_d1_g1: 0.5721432859715829
UCB_3_ratio_fpr: 0.741406847889452
UCB_3_FNR_y1_d0_g0: 0.05965956040323914
UCB_3_FNR_y1_d0_g1: 0.14052490183922298
UCB_3_ratio_fnr: 2.3554464848452583
UCB_6_ppv_y1_d1_g0: 0.9651297306230375
UCB_6_ppv_y1_d1_g1: 0.8662946889853276
UCB_6_ratio_ppv: 0.8975940347688728
UCB_6_FPR_y0_d1_g0: 0.8101142718210552
UCB_6_FPR_y0_d1_g1: 0.5769461677006203
UCB_6_ratio_fpr: 0.7121787478249254
UCB_6_FNR_y1_d0_g0: 0.034870269376962484
UCB_6_FNR_y1_d0_g1: 0.13370531101467245
UCB_6_ratio_fnr: 3.834364156160109
scalar_1.5_ppv_y1_d1_g0: 0.852090563543216
scalar_1.5_ppv_y1_d1_g1: 0.7065509402769167
scalar_1.5_ratio_ppv: 0.8291970014770409
scalar_1.5_FPR_y0_d1_g0: 0.6822270848529054
scalar_1.5_FPR_y0_d1_g1: 0.457074244546728
scalar_1.5_ratio_fpr: 0.6699737590237678
scalar_1.5_FNR_y1_d0_g0: 0.147909436456784
scalar_1.5_FNR_y1_d0_g1: 0.29344905972308327
scalar_1.5_ratio_fnr: 1.9839779445635495
scalar_3_ppv_y1_d1_g0: 0.9082796232027764
scalar_3_ppv_y1_d1_g1: 0.7528414961768961
scalar_3_ratio_ppv: 0.8288653372209603
scalar_3_FPR_y0_d1_g0: 0.7169948942377826
scalar_3_FPR_y0_d1_g1: 0.45327196317790674
scalar_3_ratio_fpr: 0.6321829720416177
scalar_3_FNR_y1_d0_g0: 0.0917203767972236
scalar_3_FNR_y1_d0_g1: 0.24715850382310395
scalar_3_ratio_fnr: 2.6946956876281116
scalar_6_ppv_y1_d1_g0: 0.9824822343414311
scalar_6_ppv_y1_d1_g1: 0.928910932010746
scalar_6_ratio_ppv: 0.9454735154915096
scalar_6_FPR_y0_d1_g0: 0.8937515195720885
scalar_6_FPR_y0_d1_g1: 0.6577946768060836
scalar_6_ratio_fpr: 0.7359927926287873
scalar_6_FNR_y1_d0_g0: 0.017517765658568833
scalar_6_FNR_y1_d0_g1: 0.07108906798925398
scalar_6_ratio_fnr: 4.058112739650715
visit_count_1.5_ppv_y1_d1_g0: 0.8848124276979011
visit_count_1.5_ppv_y1_d1_g1: 0.7528414961768961
visit_count_1.5_ratio_ppv: 0.8508486913273065
visit_count_1.5_FPR_y0_d1_g0: 0.6707999027473863
visit_count_1.5_FPR_y0_d1_g1: 0.45327196317790674
visit_count_1.5_ratio_fpr: 0.6757185880937769
visit_count_1.5_FNR_y1_d0_g0: 0.11518757230209882
visit_count_1.5_FNR_y1_d0_g1: 0.24715850382310395
visit_count_1.5_ratio_fnr: 2.1457046006220977
visit_count_3_ppv_y1_d1_g0: 0.9043133366385722
visit_count_3_ppv_y1_d1_g1: 0.6052903492457119
visit_count_3_ratio_ppv: 0.6693369706297154
visit_count_3_FPR_y0_d1_g0: 0.7264770240700219
visit_count_3_FPR_y0_d1_g1: 0.3572143285971583
visit_count_3_ratio_fpr: 0.49170767520753417
visit_count_3_FNR_y1_d0_g0: 0.09568666336142786
visit_count_3_FNR_y1_d0_g1: 0.3947096507542881
visit_count_3_ratio_fnr: 4.125022619540928
visit_count_6_ppv_y1_d1_g0: 0.9150553627499587
visit_count_6_ppv_y1_d1_g1: 0.7528414961768961
visit_count_6_ratio_ppv: 0.8227278116970197
visit_count_6_FPR_y0_d1_g0: 0.7298808655482616
visit_count_6_FPR_y0_d1_g1: 0.45327196317790674
visit_count_6_ratio_fpr: 0.6210218469522754
visit_count_6_FNR_y1_d0_g0: 0.08494463725004131
visit_count_6_FNR_y1_d0_g1: 0.24715850382310395
visit_count_6_ratio_fnr: 2.9096422308046734
