UCB_1.5_ppv_y1_d1_g0: 0.7078464106844741
UCB_1.5_ppv_y1_d1_g1: 0.6440922190201729
UCB_1.5_ratio_ppv: 0.909932167908216
UCB_1.5_FPR_y0_d1_g0: 0.22743259085580306
UCB_1.5_FPR_y0_d1_g1: 0.17295004712535345
UCB_1.5_ratio_fpr: 0.7604453102985901
UCB_1.5_FNR_y1_d0_g0: 0.2921535893155259
UCB_1.5_FNR_y1_d0_g1: 0.3559077809798271
UCB_1.5_ratio_fnr: 1.2182214903252369
UCB_3_ppv_y1_d1_g0: 0.7404109589041096
UCB_3_ppv_y1_d1_g1: 0.5621606173192341
UCB_3_ratio_ppv: 0.759254857803961
UCB_3_FPR_y0_d1_g0: 0.25587828492392806
UCB_3_FPR_y0_d1_g1: 0.15669875335332176
UCB_3_ratio_fpr: 0.6123956685105494
UCB_3_FNR_y1_d0_g0: 0.2595890410958904
UCB_3_FNR_y1_d0_g1: 0.43783938268076594
UCB_3_ratio_fnr: 1.6866635849971456
UCB_6_ppv_y1_d1_g0: 0.7078464106844741
UCB_6_ppv_y1_d1_g1: 0.6477011494252873
UCB_6_ratio_ppv: 0.9150306332682716
UCB_6_FPR_y0_d1_g0: 0.22743259085580306
UCB_6_FPR_y0_d1_g1: 0.1721208307111391
UCB_6_ratio_fpr: 0.7567993226628951
UCB_6_FNR_y1_d0_g0: 0.2921535893155259
UCB_6_FNR_y1_d0_g1: 0.35229885057471266
UCB_6_ratio_fnr: 1.2058686371100165
scalar_1.5_ppv_y1_d1_g0: 0.46736700938757264
scalar_1.5_ppv_y1_d1_g1: 0.35417198264863486
scalar_1.5_ratio_ppv: 0.7578027022333775
scalar_1.5_FPR_y0_d1_g0: 0.170298769771529
scalar_1.5_FPR_y0_d1_g1: 0.10866993408822039
scalar_1.5_ratio_fpr: 0.6381134416532239
scalar_1.5_FNR_y1_d0_g0: 0.5326329906124273
scalar_1.5_FNR_y1_d0_g1: 0.6458280173513652
scalar_1.5_ratio_fnr: 1.2125197438648796
scalar_3_ppv_y1_d1_g0: 0.6959691252144082
scalar_3_ppv_y1_d1_g1: 0.3300230946882217
scalar_3_ratio_ppv: 0.4741921483751898
scalar_3_FPR_y0_d1_g0: 0.26181818181818184
scalar_3_FPR_y0_d1_g1: 0.12259353432618961
scalar_3_ratio_fpr: 0.46823919360697414
scalar_3_FNR_y1_d0_g0: 0.30403087478559176
scalar_3_FNR_y1_d0_g1: 0.6699769053117783
scalar_3_ratio_fnr: 2.2036475926474854
scalar_6_ppv_y1_d1_g0: 0.7646775745909529
scalar_6_ppv_y1_d1_g1: 0.6462467644521139
scalar_6_ratio_ppv: 0.8451232073829407
scalar_6_FPR_y0_d1_g0: 0.37782956058588546
scalar_6_FPR_y0_d1_g1: 0.17314043088535933
scalar_6_ratio_fpr: 0.4582500919644224
scalar_6_FNR_y1_d0_g0: 0.23532242540904716
scalar_6_FNR_y1_d0_g1: 0.3537532355478861
scalar_6_ratio_fnr: 1.5032703956411193
visit_count_1.5_ppv_y1_d1_g0: 0.49377358490566037
visit_count_1.5_ppv_y1_d1_g1: 0.3300230946882217
visit_count_1.5_ratio_ppv: 0.6683692785049963
visit_count_1.5_FPR_y0_d1_g0: 0.23231907894736842
visit_count_1.5_FPR_y0_d1_g1: 0.12277515437704323
visit_count_1.5_ratio_fpr: 0.5284764167167595
visit_count_1.5_FNR_y1_d0_g0: 0.5062264150943396
visit_count_1.5_FNR_y1_d0_g1: 0.6699769053117783
visit_count_1.5_ratio_fnr: 1.3234728282342247
visit_count_3_ppv_y1_d1_g0: 0.7138336347197106
visit_count_3_ppv_y1_d1_g1: 0.19714479945615226
visit_count_3_ratio_ppv: 0.2761775151342678
visit_count_3_FPR_y0_d1_g0: 0.24825783972125434
visit_count_3_FPR_y0_d1_g1: 0.07818550617739259
visit_count_3_ratio_fpr: 0.31493670558472525
visit_count_3_FNR_y1_d0_g0: 0.2861663652802893
visit_count_3_FNR_y1_d0_g1: 0.8028552005438477
visit_count_3_ratio_fnr: 2.8055540341279483
visit_count_6_ppv_y1_d1_g0: 0.695356738391846
visit_count_6_ppv_y1_d1_g1: 0.26781214203894615
visit_count_6_ratio_ppv: 0.38514352022864734
visit_count_6_FPR_y0_d1_g0: 0.23934597321273265
visit_count_6_FPR_y0_d1_g1: 0.09833668433558765
visit_count_6_ratio_fpr: 0.41085581267826554
visit_count_6_FNR_y1_d0_g0: 0.304643261608154
visit_count_6_FNR_y1_d0_g1: 0.7321878579610538
visit_count_6_ratio_fnr: 2.4034270579167676
